AP=0.41720955976338103
R=0.974358974359
P=1.0
IoU=0.4
miss_rate=0.025641025641
error_rate=0.0
score=0.7009124721893827
